31  CURRENT.ALM
 316 503808

1
80
0
 5.09738922119141E-04  5.41877746582031E-03 -2.58660293184221E-09
 5.15367626953125E+03  7.53625512123108E-01  4.34552431106567E-02
-7.74430871009827E-01  2.45094299316406E-04  1.45519152283669E-11
0
12

2
61
0
 1.64117813110352E-02  7.37571716308594E-03 -2.54294718615711E-09
 5.15366552734375E+03  7.01388597488403E-01 -3.16709160804749E-01
-2.46767878532410E-01 -1.80244445800781E-04  1.09139364212751E-11
0
9

3
69
0
 6.08491897583008E-03  1.50203704833984E-02 -2.45927367359400E-09
 5.15349609375000E+03 -9.35304760932922E-01  3.63339543342590E-01
 6.12066388130188E-01  6.89506530761719E-04  3.63797880709171E-12
0
11

4
74
0
 3.24821472167969E-03  7.91358947753906E-03 -2.44108377955854E-09
 5.15358349609375E+03 -5.93248605728149E-01 -9.22692418098450E-01
-4.83224153518677E-01  5.61714172363281E-04  3.63797880709171E-12
0
12

5
50
0
 5.70344924926758E-03  1.08165740966797E-02 -2.50292941927910E-09
 5.15350830078125E+03 -9.53040242195129E-01  4.28204774856567E-01
-2.83832907676697E-01 -2.08854675292969E-04  0.00000000000000E+00
0
10

6
67
0
 3.41224670410156E-03  1.47209167480469E-02 -2.49201548285782E-09
 5.15351855468750E+03  7.35146164894104E-01 -2.04260468482971E-01
 9.84337449073792E-01 -3.36647033691406E-04 -1.81898940354586E-11
0
11

7
48
0
 1.96204185485840E-02  2.49290466308594E-03 -2.51020537689328E-09
 5.15366455078125E+03 -2.71376967430115E-01 -6.53209567070007E-01
 7.26377248764038E-01 -2.47955322265625E-05 -3.63797880709171E-12
0
10

8
72
0
 1.05657577514648E-02  1.72805786132812E-03 -2.52111931331456E-09
 5.15373681640625E+03  3.82208585739136E-01  1.44835829734802E-01
-4.06400442123413E-01  5.14984130859375E-04  3.63797880709171E-12
0
11

9
68
0
 3.02553176879883E-03  5.98335266113281E-03 -2.45927367359400E-09
 5.15367236328125E+03 -6.13012433052063E-01  6.37912631034851E-01
-1.97046756744385E-01  6.47544860839844E-04  1.09139364212751E-11
0
11

10
73
0
 1.01065635681152E-02  1.48925781250000E-02 -2.45927367359400E-09
 5.15361035156250E+03 -9.36103343963623E-01 -7.35332489013672E-01
 2.54044413566589E-01 -4.10079956054688E-04 -1.09139364212751E-11
0
11

11
78
0
 1.72901153564453E-03  7.32421875000000E-03 -2.56841303780675E-09
 5.15360302734375E+03  7.43259549140930E-01 -7.60979175567627E-01
-6.22996807098389E-01 -7.20024108886719E-04  7.27595761418343E-12
0
12

12
58
0
 8.86535644531250E-03  5.83457946777344E-03 -2.46291165240109E-09
 5.15364306640625E+03  8.39450359344482E-02  4.78648781776428E-01
 4.94913220405579E-01 -5.82695007324219E-04  0.00000000000000E+00
0
10

13
43
0
 9.10711288452148E-03  9.82475280761719E-03 -2.42653186433017E-09
 5.15363671875000E+03 -5.58593988418579E-01  3.03320407867432E-01
-4.52368259429932E-01  7.00950622558594E-04  0.00000000000000E+00
0
9

14
77
0
 5.73015213012695E-03  5.26428222656250E-04 -2.52475729212165E-09
 5.15365625000000E+03  6.80981874465942E-02 -8.97917747497559E-01
 4.58011746406555E-01  6.39915466308594E-04  7.27595761418343E-12
0
12

15
55
0
 1.61790847778320E-02 -1.17683410644531E-03 -2.54294718615711E-09
 5.15352294921875E+03 -6.56481266021729E-01  4.49474573135376E-01
-7.11643338203430E-01  2.91824340820312E-04  3.63797880709171E-12
0
10

16
56
0
 1.44586563110352E-02  5.60951232910156E-03 -2.47382558882236E-09
 5.15367626953125E+03  8.94876718521118E-02  2.81537055969238E-01
-5.65533638000488E-02  6.67572021484375E-06  7.27595761418343E-12
0
9

17
53
0
 1.30443572998047E-02  6.73294067382812E-03 -2.47382558882236E-09
 5.15363037109375E+03  4.14053797721863E-01 -3.87502670288086E-01
-3.73357415199280E-01  3.00407409667969E-04 -1.81898940354586E-11
0
10

18
75
0
 5.01680374145508E-03  9.92012023925781E-03 -2.53567122854292E-09
 5.15364941406250E+03  7.34906435012817E-01 -9.40491437911987E-01
 9.83541846275330E-01 -6.30378723144531E-04  3.63797880709171E-12
0
12

19
59
0
 1.04837417602539E-02  6.47735595703125E-03 -2.47746356762946E-09
 5.15358447265625E+03  4.28102850914001E-01  8.76810908317566E-01
 2.20519900321960E-01  6.24656677246094E-04  3.63797880709171E-12
0
9

20
51
0
 3.50189208984375E-03  5.11741638183594E-03 -2.57205101661384E-09
 5.15371289062500E+03 -9.95910763740540E-01 -7.19903707504272E-01
-9.38959360122681E-01  3.64303588867188E-04  0.00000000000000E+00
0
9

22
44
0
 1.31497383117676E-02  5.41305541992188E-03 -2.47746356762946E-09
 5.15360351562500E+03  9.05425548553467E-02 -3.38522911071777E-01
-2.11073994636536E-01 -1.02996826171875E-04  0.00000000000000E+00
0
9

23
76
0
 5.13124465942383E-03  1.33304595947266E-02 -2.48110154643655E-09
 5.15360253906250E+03 -9.45848107337952E-01 -9.05297160148621E-01
 6.33847475051880E-01  4.70161437988281E-04  7.27595761418343E-12
0
12

24
65
0
 1.66392326354980E-02 -2.67601013183594E-03 -2.56113708019257E-09
 5.15361523437500E+03 -3.04186105728149E-01  3.36749672889709E-01
-9.69100236892700E-01 -4.11033630371094E-04  7.27595761418343E-12
0
11

25
62
0
 1.22928619384766E-02  2.06756591796875E-03 -2.51020537689328E-09
 5.15357812500000E+03  5.51782846450806E-02  3.58068227767944E-01
 4.65058803558350E-01  4.89234924316406E-04  0.00000000000000E+00
0
11

26
71
0
 9.97638702392578E-03 -4.05883789062500E-03 -2.58660293184221E-09
 5.15349804687500E+03  3.32854986190796E-02  2.00781702995300E-01
 1.87090873718262E-01 -2.17437744140625E-04 -1.81898940354586E-11
0
11

27
66
0
 1.34968757629395E-02  4.61196899414062E-03 -2.49201548285782E-09
 5.15364501953125E+03  3.91568899154663E-01  2.69135713577271E-01
-3.54362487792969E-01 -2.67028808593750E-05  0.00000000000000E+00
0
11

28
79
0
 2.60353088378906E-04  5.99479675292969E-03 -2.47746356762946E-09
 5.15354394531250E+03 -2.80672073364258E-01  1.02769374847412E-01
 7.23344683647156E-01 -6.05583190917969E-04 -3.63797880709171E-12
0
12

29
57
0
 3.22914123535156E-03  7.54356384277344E-03 -2.47382558882236E-09
 5.15361376953125E+03  4.19119954109192E-01  8.39506626129150E-01
-3.88439178466797E-01 -5.11169433593750E-04  3.63797880709171E-12
0
10

30
64
0
 7.66420364379883E-03 -2.22206115722656E-03 -2.56477505899966E-09
 5.15362792968750E+03 -2.72800564765930E-01 -7.57282018661499E-01
 6.63690447807312E-01 -1.55448913574219E-04  1.09139364212751E-11
0
11

31
52
0
 1.05690956115723E-02  3.72886657714844E-03 -2.50292941927910E-09
 5.15359667968750E+03 -2.64078617095947E-01  2.59413719177246E-01
 4.27192211151123E-01 -2.08854675292969E-04  0.00000000000000E+00
0
10

32
70
0
 8.56113433837891E-03  7.00569152832031E-03 -2.44472175836563E-09
 5.15355468750000E+03 -6.07943892478943E-01 -6.55750751495361E-01
-1.61951065063477E-01 -4.62532043457031E-04  1.09139364212751E-11
0
11

